4.43319641627	2.3863333861	41.83757178014766	41.85355018986888	41.83757178014766	42.23593138730063	42.470575872215214
2.12456685305	1.95962591966	49.27115542373951	48.789138066919826	49.27115542373951	48.82636172133614	49.663724253888184
1.73488176557	1.68560665846	51.41036158263393	50.955792792147314	51.41036158263393	50.902798675895276	51.82324506094997
1.47280274675	1.47377290328	55.53101533413264	55.18234577631296	55.53101533413264	54.92526833182867	56.13703236654056
1.29240011481	1.36170981328	56.50280810247996	56.24632800745146	56.50280810247996	55.54719630855652	57.22467423287095
1.20081544152	1.2917774121	57.84060074462043	57.759547180626214	57.84060074462043	57.47316681713311	58.79571248423707
1.12874899002	1.25748497248	58.477945352432634	58.66876835996274	58.477945352432634	57.8543484802889	59.73623371164355
1.07809662704	1.22112965584	59.39925537956711	59.64032385183062	59.39925537956711	59.01795566255392	60.78709541824296
1.04099959364	1.1967954735	60.66132390988831	60.22784265959733	60.66132390988831	59.62483699468352	61.36506935687264
1.01240359361	1.19807219505	59.92301381965041	60.17983807408469	59.92301381965041	59.53455712709399	61.154897015552756
0.987955511763	1.15557525555	61.866599356345056	61.86787991688758	61.866599356345056	61.83669375062695	62.983396385035725
0.966913582041	1.14952386419	62.623840474537765	62.4023787346851	62.623840474537765	61.70628949744207	63.387978142076506
0.953890203283	1.13483044505	62.554426705370105	62.38016765780612	62.554426705370105	62.04233122680309	63.629676334594365
0.9304105628	1.1206377248	62.92042657916325	63.10668481765423	62.92042657916325	62.59404152873908	64.1078184110971
0.913249898415	1.10222346584	64.0310468858459	64.18786272121515	64.0310468858459	63.76767980740294	64.9957965531736
0.900296369424	1.1048386693	63.6145642708399	63.73002794296768	63.6145642708399	63.381482596047746	64.67528373266079
0.890411960391	1.08601975441	64.89556382911591	65.07200687826898	64.89556382911591	64.45982545892267	65.97309794031105
0.873362401357	1.10206818581	64.22035716539408	64.14129110840439	64.22035716539408	63.356404855050656	65.0063051702396
0.865143418312	1.06814316909	65.80425317094718	65.81715268324139	65.80425317094718	65.051660146454	66.69819251786465
0.848282890824	1.05947082241	65.8168738562504	66.01346994339757	65.8168738562504	65.44287290600863	66.86107608238756
0.839433174867	1.05614038308	66.13239098883069	66.15963315898831	66.13239098883069	65.543183869997	66.98192517864649
0.835193394468	1.03973131378	66.81390799520413	67.10897757397721	66.81390799520413	66.53124686528238	67.80685161832703
0.820498309456	1.03322680791	67.0978734145264	67.43354589095077	67.0978734145264	66.91242852843816	68.15889029003783
0.814684497622	1.04529765248	66.38480469489492	66.5236082252633	66.38480469489492	66.13501855752834	67.4758301807482
0.803796605422	1.02587904533	67.4007698618035	67.58687397005087	67.4007698618035	66.94753736583408	68.44787725935268
0.794894714768	1.02554279566	67.45125260301634	67.50232858064054	67.45125260301634	67.21837696860267	68.30075662042874
0.785638391972	1.02346526583	67.65949391051934	67.63057963745791	67.65949391051934	66.80710201625037	68.53720050441362
0.775975626249	1.00181395809	68.43566605666688	68.69742781400015	68.43566605666688	68.01083358411074	69.65636822194199
0.768249287055	1.00326375167	68.21480406386067	68.4839148814215	68.21480406386067	68.07102016250376	69.56179066834804
0.761778034843	0.991901298364	69.07301066447909	69.29999283513649	69.07301066447909	68.53245059685024	70.16603614964271
0.748583194155	0.98651856184	69.07301066447909	69.3594612022641	69.07301066447909	68.78824355502057	70.27637662883565
0.742480964615	1.00861098369	67.87404556067395	67.97950849036326	67.87404556067395	67.80018055973518	69.06788566624633
0.740611652915	0.971835921208	69.97538966365873	70.2557856272838	69.97538966365873	69.44026482094493	71.10130306851619
0.732568887564	0.975989341736	69.7166656149429	70.23357455040482	69.7166656149429	69.344969405156	70.82282471626733
0.726036698772	0.960440625747	70.49914810374204	70.89345847961597	70.49914810374204	70.11234827966697	71.52690205968895
0.721442436943	0.963794281085	70.45497570518079	70.80389768574908	70.45497570518079	69.8716019660949	71.31672971836906
0.711054366369	0.97301158309	69.76083801350413	70.27369778605717	69.76083801350413	69.03902096499147	70.73875577973938
0.704426100621	0.950779765844	70.80204455101912	71.25958300494376	70.80204455101912	70.17253485805999	72.02080706179068
0.700953679589	0.945072859526	71.05445825708337	71.65436698430895	71.05445825708337	70.75935399739191	72.26775956284153
0.692560968491	0.948097725709	71.0860099703414	71.24955219603066	71.0860099703414	70.51359213562043	71.95250105086171
0.690806908103	0.938573658466	71.33211333375402	72.05918177258724	71.33211333375402	71.02016250376167	72.53572929802438
0.685024098708	0.934220095476	71.41414778822491	72.19101526115928	71.41414778822491	71.35118868492326	72.69861286254728
0.676690482176	0.935602386793	71.66656149428914	72.19388120656302	71.66656149428914	71.12548901594944	72.63030685161833
0.680981506522	0.9241378208	72.19663027702404	72.68467435695351	72.19663027702404	71.78754137827265	73.37116435477091
0.667886175788	0.934109936158	71.40783744557329	71.94454395643763	71.40783744557329	71.0301936001605	72.61979823455233
0.659605423991	0.917414754629	72.43011295513347	72.95765565665974	72.43011295513347	71.93299227605577	73.66015132408576
0.656451683778	0.925749758879	72.0451820533855	72.32284874973132	72.0451820533855	71.32611094392617	73.13997477931903
0.654993328911	0.925204664469	72.25342336088849	72.7441427240811	72.25342336088849	71.4715618417093	73.29760403530895
0.653923305181	0.909039656321	72.83397488483625	73.53299419646055	72.83397488483625	72.52984251178654	74.1067675493905
0.640699998691	0.907395303249	73.06745756294568	73.55520527333954	73.06745756294568	72.23392516802086	74.01744430432954
0.639189594067	0.908926079671	72.92231968195873	73.54660743712832	72.92231968195873	72.55993580098304	73.92286675073561
0.635158682099	0.902214854956	73.00435413642961	73.72071362040553	73.00435413642961	72.59504463837897	74.54287515762925
0.629100858019	0.895407309135	73.45238846469363	74.22010460700723	73.45238846469363	73.08155281372254	74.66897856242119
0.629702166869	0.894866953293	73.43976777939042	74.09758544099735	73.43976777939042	73.10663055471963	74.89491382934006
0.620912069312	0.890101740758	73.81207799583518	74.47230780253636	73.81207799583518	73.41759454308357	74.94745691467003
0.626962513878	0.897142688433	73.39559538082918	74.03023572400946	73.39559538082918	72.96117965693651	74.4535519125683
0.614133059978	0.88729869326	73.9319745062157	74.59625994124812	73.9319745062157	73.39251680208648	75.010508617066
0.614232816375	0.880783120791	74.1465261563703	74.96381743927778	74.1465261563703	73.76366736884341	75.42034468263977
0.61188630072	0.881613353888	74.05187101659621	74.87497313176183	74.05187101659621	73.76366736884341	75.45187053383775
0.607580181498	0.878388951222	74.49990534486022	75.1278928136419	74.49990534486022	73.85394723643294	75.5411937788987
0.602598011494	0.876646747192	74.50621568751184	75.11427957297413	74.50621568751184	74.00441368241549	75.78814627994956
0.603891606514	0.871838241816	74.60087082728593	75.4123378949631	74.60087082728593	74.29029992978232	75.88272383354351
0.595111891627	0.884560813506	74.00138827538335	74.82410260084545	74.00138827538335	73.42261009128298	74.95796553173602
0.594801253997	0.869046399991	74.7838707641825	75.54560435623702	74.7838707641825	74.35550205637476	75.91424968474149
0.590954057299	0.866225719452	74.87852590395659	75.69535000358243	74.87852590395659	74.49593740595847	76.32408575031526
0.590914507325	0.864277640978	75.12462926736922	75.88808483198395	75.12462926736922	74.51098405055673	76.32934005884826
0.583163627065	0.86739029487	75.09938789676279	75.68890162642403	75.09938789676279	74.45079747216371	75.93001261034048
0.58139052414	0.871105472247	74.5819397993311	75.21888658021064	74.5819397993311	74.09469355000502	75.76187473728457
0.582382657207	0.856327782075	75.27607749100777	76.19832342193881	75.27607749100777	74.83699468351891	76.67087011349307
0.573968875294	0.856249978145	75.3265602322206	76.22125098516874	75.3265602322206	74.84201023171832	76.64459857082808
0.572876179448	0.858608106772	75.35811194547864	76.15963315898831	75.35811194547864	74.77179255692647	76.49747793190416
0.56835998079	0.863903890053	75.18142235123368	75.93250698574192	75.18142235123368	74.40064199016952	75.8879781420765
0.568739513938	0.849753250678	75.79352558843945	76.63036469155261	75.79352558843945	75.3034406660648	76.83375367801597
0.565823555566	0.857431143522	75.33287057487222	75.8644407824031	75.33287057487222	74.79185474972414	76.47646069777217
0.563163800881	0.844695130984	76.10273237836815	76.85032600128967	76.10273237836815	75.50907814224095	77.19630096679278
0.561878509246	0.854021092256	75.28238783365937	76.60958658737552	75.28238783365937	75.0576788042933	76.66036149642707
0.563021877064	0.852031201124	75.43383605729791	76.40180554560435	75.43383605729791	75.25328518407062	76.76544766708702
0.557721105906	0.844460537036	75.90080141351675	76.87683599627427	75.90080141351675	75.6645601364229	77.15426649852878
0.557286966879	0.849503735701	75.56004291033003	76.72923980798166	75.56004291033003	75.39372053365433	76.83375367801597
0.554054049918	0.843107034763	75.91342209881996	76.8180841154976	75.91342209881996	75.48400040124386	77.28562421185372
0.551448064355	0.838781476021	76.43087019625166	77.2415275489002	76.43087019625166	75.80499548600662	77.56935687263557
0.547028597731	0.837054590384	76.2541806020067	77.38410833273626	76.2541806020067	75.9103219981944	77.62189995796554
0.544860776227	0.835192849239	76.39931848299362	77.41491724582646	76.39931848299362	76.00060186578393	77.73224043715847
0.546038851142	0.836190541585	76.2668012873099	77.47868453105968	76.2668012873099	75.86016651620022	77.6586801176965
0.542111435762	0.835192024708	76.24155991670347	77.32392347925772	76.24155991670347	75.98555522118568	77.59562841530054
0.540120427425	0.838481038809	76.31097368587115	77.33682023357456	76.31097368587115	75.60437355802989	77.41698192517865
0.538925025326	0.834694941839	76.58862876254182	77.51880776671204	76.58862876254182	75.84511987160197	77.59037410676754
0.53309357109	0.829587042332	76.53183567867735	77.6835996274271	76.53183567867735	76.32661249874612	77.75325767129046
0.532063891108	0.833440075318	76.50028396541933	77.7430679945547	76.50028396541933	76.05577289597754	77.6902059688945
0.532109196943	0.831422408422	76.52552533602575	77.52167371211578	76.52552533602575	76.1310061189688	77.78478352248844
0.529106548772	0.82735328873	76.8915252098189	78.08698144300351	76.8915252098189	76.50215668572575	78.14733081126523
0.526881959003	0.823516011238	77.1250078879283	78.19087196388908	77.1250078879283	76.70277861370248	78.36801176965112
0.526371457256	0.827131360769	76.87890452451568	78.08053306584509	76.87890452451568	76.4068612699368	77.99495586380833
0.529670572625	0.829401810964	76.66435287436107	77.9315039048506	76.66435287436107	76.19620824556124	77.90037831021438
0.52193465485	0.837991833687	76.31728402852275	77.48799885362185	76.31728402852275	75.65452904002407	77.22257250945775
0.518748192833	0.819570819537	77.27645611156686	78.34993193379665	77.27645611156686	76.91844718627746	78.572929802438
0.517327469129	0.833040585121	76.59493910519342	77.816866088701	76.59493910519342	75.95044638378975	77.53257671290457
0.516468146673	0.819826622804	76.98618034959298	78.34491652934011	76.98618034959298	76.70277861370248	78.27343421605717
0.513447951812	0.822976956765	76.9041458951221	78.1994698001003	76.9041458951221	76.74290299929783	78.28394283312316
0.51456669718	0.822984000047	76.82842178330283	78.20663466360965	76.82842178330283	76.4620323001304	78.33123160992014
0.51074442554	0.818241859476	77.61721461475358	78.57920756609586	77.61721461475358	76.81813622228908	78.65699873896595
0.513966615383	0.815424963832	77.46576639111504	78.7518807766712	77.46576639111504	77.13411575885245	78.7305590584279
0.511488099511	0.813299785058	77.75604215308891	78.79558644407824	77.75604215308891	77.02377369846525	78.69903320722993
0.509889657681	0.835921307405	76.59493910519342	77.77316042129398	76.59493910519342	75.67960678102116	77.3224043715847
0.508696575577	0.815964271625	77.4152836499022	78.72752024073941	77.4152836499022	77.01875815026582	78.562421185372
0.507102772593	0.807751188676	77.90749037672747	79.17819015547754	77.90749037672747	77.3698465242251	79.00378310214376
0.500139594651	0.808983325958	77.65507667066322	78.98688829977789	77.65507667066322	77.37987762062394	78.9092055485498
0.499711962847	0.818047096332	77.57935255884395	78.7662105036899	77.57935255884395	76.80308957769084	78.52564102564102
0.500169058832	0.809837778409	77.88224900612103	79.15526259224762	77.88224900612103	77.32470659043034	78.86191677175283
0.497541419015	0.809954206149	77.78759386634694	79.09937665687468	77.78759386634694	77.33975323502858	78.82513661202186
0.49521191017	0.806179965536	77.8443869502114	79.29354445797807	77.8443869502114	77.46514194001405	79.17717528373267
0.495856338396	0.814601386587	77.49731810437306	78.9790069499176	77.49731810437306	76.80308957769084	78.55191256830601
0.494583420455	0.804613356789	78.09680065627563	79.47266604571183	78.09680065627563	77.72093489818437	79.14564943253468
0.492369650075	0.820350090663	77.25752508361204	78.33703517947983	77.25752508361204	76.71782525830073	78.41530054644808
0.490880117393	0.805867205064	78.02738688710798	79.56724224403526	78.02738688710798	77.72093489818437	79.15090374106768
0.487467742883	0.805605863531	78.02107654445636	79.45547037328939	78.02107654445636	77.38990871702278	79.1088692728037
0.488022801968	0.799336910248	78.33659367703666	79.76499247689331	78.33659367703666	77.94663456715818	79.52395964691047
0.488359146966	0.801263997952	78.28611093582381	79.56652575768432	78.28611093582381	77.8663857959675	79.50294241277848
0.4841230334	0.797512600819	78.49435224332682	79.92691839220463	78.49435224332682	77.99177450095296	79.69735182849938
0.486723585198	0.79949465394	78.3744557329463	79.72415275489001	78.3744557329463	77.93660347075935	79.44514501891551
0.481925361432	0.795818656683	78.39969710355273	80.03940674930142	78.39969710355273	78.04192998294714	79.50294241277848
0.478940298924	0.79556876421	78.62055909635893	80.02937594038833	78.62055909635893	78.16230313973317	79.76565783942833
0.478331849552	0.806716064612	77.99583517384994	79.62886007021567	77.99583517384994	77.60056174139834	79.12988650693569
0.478931776033	0.795825158556	78.5763866977977	79.99641756824532	78.5763866977977	78.22750526632561	79.77616645649432
0.479754361969	0.800810133417	78.31135230643024	79.9039908289747	78.31135230643024	77.66074831979135	79.34531315678856
0.474727346347	0.795017724236	78.69628320817822	80.17840510138282	78.69628320817822	78.15227204333434	79.69209751996638
0.476139852634	0.808377295732	77.98321448854672	79.11084043848965	77.98321448854672	77.344768783228	79.25598991172762
0.476548703244	0.798634072145	78.49435224332682	79.82159489861718	78.49435224332682	78.13722539873608	79.62904581757041
0.472365685954	0.791366065542	78.84773143181675	80.3890520885577	78.84773143181675	78.26261410372155	79.89701555275326
0.472509111349	0.794447690248	78.53852464188805	80.26796589524969	78.53852464188805	78.2826762965192	79.69209751996638
0.471739901946	0.790665835142	78.76569697734587	80.39335100666332	78.76569697734587	78.49332932089477	79.91803278688525
0.469928072622	0.792783190807	78.80986937590711	80.51515368632226	78.80986937590711	78.07703882034306	79.8129466162253
0.46639693815	0.788434575001	79.12538650848742	80.66131690191301	79.12538650848742	78.45320493529942	79.93379571248424
0.467294273468	0.790064344803	78.92345554363602	80.66131690191301	78.92345554363602	78.51339151369244	79.93905002101724
0.462430315522	0.788221612573	79.16955890704865	80.74801175037616	79.16955890704865	78.4180960979035	79.96006725514923
0.463598217529	0.799561694264	78.65842115226856	80.20563158271835	78.65842115226856	77.82124586217274	79.3085329970576
0.462996753363	0.795724759499	78.79724869060391	80.35537723006377	78.79724869060391	78.01183669375062	79.51345102984448
0.459512328299	0.788210307558	79.26421404682274	80.62047717990973	79.26421404682274	78.48329822449594	80.1807482135351
0.459095398394	0.793779393037	78.65211080961696	80.54811205846528	78.65211080961696	78.15728759153376	79.6448087431694
0.457694522463	0.785662973921	79.30838644538399	80.97298846456975	79.30838644538399	78.72906008626744	80.23854560739807
0.459336843055	0.78304254512	79.35886918659683	81.0274414272408	79.35886918659683	78.8042933092587	80.34363177805801
0.455196545674	0.78391203781	79.19480027765508	80.92641685175897	79.19480027765508	78.79927776105929	80.21752837326608
0.455529069671	0.798624654611	78.70890389348142	80.38618614315396	78.70890389348142	77.80619921757447	79.4609079445145
0.452687566097	0.783708587289	79.37780021455166	81.1048219531418	79.37780021455166	78.61871802588023	80.22803699033207
0.452274608497	0.782664194703	79.35255884394523	81.16214086121659	79.35255884394523	78.90460427324707	80.28583438419504
0.451809822367	0.785698567828	79.08752445257777	80.68066203338826	79.08752445257777	78.67388905607383	80.0178646490122
0.449196110551	0.781962141395	79.56080015144822	81.2767786773662	79.56080015144822	78.92466646604474	80.55380411937789
0.448844873561	0.785254547993	79.548179466145	81.14566167514509	79.548179466145	78.50837596549303	80.375157629256
0.450460203565	0.781915118297	79.57973117940304	81.36132406677653	79.57973117940304	78.94974420704183	80.23329129886507
0.447458229386	0.780852566163	79.76273111629962	81.44443648348499	79.76273111629962	78.99989968903601	80.61160151324086
0.446527249538	0.786454672615	79.32100713068719	80.7981657949416	79.32100713068719	78.67890460427324	80.1754939050021
0.444574060348	0.785643219948	79.28314507477756	81.12058465286236	79.28314507477756	78.56354699568662	80.15447667087011
0.443088622047	0.77837053438	79.84476557077049	81.64935157985241	79.84476557077049	79.05507071922962	80.51176965111392
0.441022231029	0.782910779119	79.76273111629962	81.41362757039478	79.76273111629962	78.70899789346976	80.28583438419504
0.443236628404	0.779683833321	79.78166214425443	81.41004513864011	79.78166214425443	79.09519510482495	80.5222782681799
0.441303041692	0.784204026063	79.20742096295828	81.02027656373146	79.20742096295828	78.83940214665462	80.25430853299706
0.438086083302	0.783032879233	79.6428346059191	81.38855054811206	79.6428346059191	78.94472865884241	80.42770071458595
0.43913489179	0.776614824931	79.77535180160282	81.69449021996131	79.77535180160282	79.28077038820342	80.76923076923077
0.43604882348	0.774409085512	79.98990345175743	81.9359461202264	79.98990345175743	79.25067709900692	80.95313156788566
0.436849557436	0.773688107729	79.84476557077049	81.94740990184137	79.84476557077049	79.51650115357609	80.77973938629677
0.436213225126	0.773268500964	79.87631728402852	81.96317260156194	79.87631728402852	79.42622128598656	80.85329970575872
0.434004952128	0.772568995754	80.08455859153152	82.1157841943111	80.08455859153152	79.45631457518306	80.97940311055065
0.43542635842	0.782481317719	79.81321385751247	81.66511427957298	79.81321385751247	78.83438659845521	80.44871794871796
0.433854406843	0.774934252103	79.8510759134221	81.96747151966754	79.8510759134221	79.3810813521918	80.70092475830181
0.432118128699	0.772492185235	80.03407585031867	82.02908934584796	80.03407585031867	79.53656334637375	80.88482555695671
0.430998697304	0.802217066288	78.62686943901053	80.3030737264455	78.62686943901053	78.16230313973317	79.57650273224044
0.43017100027	0.770917728543	80.28648955638292	82.23687038761912	80.28648955638292	79.42622128598656	81.03194619588062
0.428815853137	0.771305595835	80.01514482236387	82.17596904778965	80.01514482236387	79.45631457518306	81.02669188734762
0.425515184609	0.774171859026	80.29911024168612	82.19531417926488	80.29911024168612	79.02999297823253	80.81126523749475
0.426711904315	0.773483748237	80.22338612986685	82.22898903775882	80.22338612986685	79.35098806299528	80.89533417402271
0.427461916438	0.777280449867	80.10348961948634	82.05058393637601	80.10348961948634	79.0249774300331	80.65363598150483
0.426125845084	0.769776453574	80.44424812267306	82.5700365408039	80.44424812267306	79.50647005717725	81.18957545187054
0.4224144633	0.769285683831	80.11611030478954	82.32571469513505	80.11611030478954	79.69706088875515	81.33669609079445
0.424349936155	0.773816034198	80.21076544456363	82.17955147954432	80.21076544456363	79.35600361119471	81.14754098360656
0.420881858812	0.77573193113	80.31804126964094	82.38160063050799	80.31804126964094	79.06008626742903	80.80601092896174
0.422531923996	0.776915515463	79.85738625607371	81.85355018986888	79.85738625607371	79.30584812920051	80.83228247162674
0.417793576534	0.773742631078	79.82583454281567	82.24761768288315	79.82583454281567	79.57167218376968	81.11601513240856
0.418944072265	0.772709369659	80.30542058433772	82.45683169735617	80.30542058433772	79.36101915939412	80.95313156788566
0.417834450992	0.768026903272	80.41900675206664	82.73339542881708	80.41900675206664	79.69204534055572	81.2368642286675
0.415629207515	0.766211743156	80.45686880797628	82.76563731460915	80.45686880797628	79.59674992476677	81.29466162253047
0.417934095057	0.770274678866	80.4757998359311	82.71190083828903	80.4757998359311	79.55160999097201	81.13177805800757
0.413674529928	0.766184111436	80.29279989903452	82.72049867450025	80.29279989903452	79.97291603972315	81.27889869693148
0.416920261887	0.768764202793	80.41269640941503	82.756322992047	80.41269640941503	79.58671882836794	81.15804960067256
0.413731209361	0.765867585937	80.61462737426642	82.85161567672135	80.61462737426642	79.91272946133012	81.2368642286675
0.411554364631	0.767326662938	80.42531709471824	82.62807193522963	80.42531709471824	79.92777610592839	81.4260193358554
0.4117394531	0.770815153917	80.41900675206664	82.76277136920541	80.41900675206664	79.67198314775806	81.17906683480453
0.410750075028	0.765245780349	80.53259291979555	83.12029805832198	80.53259291979555	79.81241849734177	81.4155107187894
0.411635787441	0.764042690396	80.62724805956964	83.16615318478183	80.62724805956964	80.0732270037115	81.62042875157628
0.408939459003	0.775767390927	80.11611030478954	82.66103030737264	80.11611030478954	79.43625238238539	81.15279529213956
0.410336497311	0.768217807015	80.34328264024737	82.86594540374006	80.34328264024737	79.94783829872605	81.33144178226146
0.405633619772	0.76877233386	80.50735154918912	83.00852618757612	80.50735154918912	79.83248069013943	81.4155107187894
0.406522019551	0.766016582648	80.70928251404051	83.15325643046499	80.70928251404051	79.767278563547	81.44178226145439
0.405510369402	0.7607601583	80.7913169685114	83.32736261374221	80.7913169685114	80.17855351589928	81.62042875157628
0.40358717625	0.764008084933	80.65879977282766	83.29798667335388	80.65879977282766	79.99297823252081	81.56788566624633
0.403371745577	0.766873975595	80.46948949327948	82.90893458479616	80.46948949327948	80.07824255191093	81.56263135771333
0.401307869989	0.76241936783	80.82917902442102	83.46707745217454	80.82917902442102	80.09328919650918	81.65195460277428
0.403703673528	0.766292959452	80.60831703161482	83.03790212796446	80.60831703161482	79.97793158792255	81.4155107187894
0.399646032315	0.761451110244	80.92383416419511	83.45059826610303	80.92383416419511	80.17855351589928	81.75704077343423
0.399486795641	0.761043846607	80.93645484949833	83.50003582431754	80.93645484949833	80.10833584110743	81.65195460277428
0.400700930793	0.761852880319	80.84179970972424	83.55663824604142	80.84179970972424	80.17353796769987	81.70975199663725
0.397039163571	0.765919183691	80.50104120653752	83.17403453464212	80.50104120653752	79.96790049152372	81.59415720891131
0.398798282903	0.763031577071	80.74083422729854	83.5093501468797	80.74083422729854	80.16350687130104	81.48907103825137
0.398271501064	0.759177794059	80.93645484949833	83.67557498029663	80.93645484949833	80.44437757046845	81.84636401849517
0.398402292568	0.771386990945	80.42531709471824	83.17475102099306	80.42531709471824	79.4613301233825	81.2578814627995
0.393672928214	0.76121340692	80.77238594055657	83.49645339256287	80.77238594055657	80.1835690640987	81.7780580075662
0.395125775383	0.765937725703	80.84179970972424	83.46994339757828	80.84179970972424	79.80740294914234	81.49957965531736
0.394061835339	0.759202693899	80.91121347889191	83.81314035967615	80.91121347889191	80.35911325107834	81.82009247583018
0.392759994245	0.758241365353	81.18255821291096	83.80239306441213	81.18255821291096	80.48450195606381	81.7675493905002
0.392548414377	0.771603216728	80.38114469615701	82.96840295192376	80.38114469615701	80.02808706991674	81.48381672971837
0.391792183312	0.764859631658	80.6903514860857	83.550189868883	80.6903514860857	80.10833584110743	81.68348045397225
0.388656909076	0.760827983419	81.07528238783365	83.78304793293688	81.07528238783365	80.15347577490219	81.72551492223623
0.389003596627	0.760099003712	80.99955827601438	83.76226982875976	80.99955827601438	80.40425318487311	81.7833123160992
0.387708219198	0.762038812041	80.99324793336278	83.89123737192806	80.99324793336278	80.31898886548299	81.9619588062211
0.389013608488	0.758505612612	81.10683410109168	83.9084330443505	81.10683410109168	80.48951750426322	81.82009247583018
0.386571060006	0.771485457818	80.46948949327948	83.3474242315684	80.46948949327948	79.54157889457318	81.17906683480453
0.385330214523	0.76335597535	80.89859279358869	83.8568460270832	80.89859279358869	80.00802487711907	81.57313997477932
0.388045913325	0.765029788017	80.86073073767905	83.81027441427241	80.86073073767905	79.95285384692546	81.60992013451029
0.384095447568	0.759542748332	80.99324793336278	84.08182274127678	80.99324793336278	80.41929982947136	81.9724674232871
0.382691202255	0.762147848805	80.97431690540796	83.92562871677295	80.97431690540796	80.38920654027486	81.94094157208912
0.382436565482	0.758769164483	81.06897204518205	84.02522031955291	81.06897204518205	80.37917544387602	81.94094157208912
0.381500426393	0.773212631543	80.58938600366	83.46492799312173	80.58938600366	79.44126793058481	81.05296343001261
0.382484140878	0.761919468641	80.94276519214993	83.93351006663323	80.94276519214993	80.36914434747719	81.88839848675914
0.379939173277	0.75896029671	81.05635135987885	84.05029734183563	81.05635135987885	80.4594242150667	81.85161832702816
0.379381046272	0.76159701248	80.94907553480154	83.76083685605789	80.94907553480154	80.45440866686728	82.00399327448508
0.378925003684	0.765148272117	80.88597210828547	83.82747008669485	80.88597210828547	80.11836693750627	81.63619167717529
0.382292068922	0.756049270431	81.39079952041396	84.33115999140216	81.39079952041396	80.7051860768382	82.124842370744
0.37670626434	0.768555129568	80.75345491260175	83.86902629504908	80.75345491260175	79.94282275052663	81.66246321984026
0.377692230046	0.760262360175	81.06266170253045	84.31683026438347	81.06266170253045	80.27384893168824	81.87788986969315
0.37653441154	0.758673742414	80.99955827601438	84.18571326216235	80.99955827601438	80.51961079345973	82.03026481715007
0.375418308263	0.758380427957	81.20148924086578	84.48305509780039	81.20148924086578	80.43434647406961	81.95145018915511
0.374836356594	0.757511769732	81.07528238783365	84.32829404599842	81.07528238783365	80.67509278764169	82.01450189155108
0.373305830245	0.763167232275	81.08159273048527	84.23801676578061	81.08159273048527	80.28889557628649	81.74127784783522
0.373552455925	0.754724194606	81.32138575124628	84.58694561868596	81.32138575124628	80.89076136021667	82.38230348886087
0.371476367116	0.759050756693	81.10683410109168	84.28100594683671	81.10683410109168	80.79045039622831	82.11433375367801
0.371664446707	0.755052889387	81.39079952041396	84.74242315683887	81.39079952041396	80.72524826963587	82.19314838167297
0.370674556265	0.7545384715	81.57379945731054	84.69656803037901	81.57379945731054	80.68512388404052	82.25094577553594
0.369658392782	0.756606375178	81.11945478639491	84.38561295407322	81.11945478639491	80.67509278764169	82.18263976460698
0.369548998773	0.754719744126	81.30245472329148	84.67220749444722	81.30245472329148	80.89076136021667	82.35077763766289
0.36834103041	0.755677660306	81.37817883511075	84.7882782832987	81.37817883511075	80.40926873307252	82.22467423287095
0.368342154874	0.760983963807	81.10683410109168	84.55613670559576	81.10683410109168	80.27886447988766	81.69924337957126
0.367028510914	0.754090845585	81.52962705874928	84.86064340474314	81.52962705874928	80.82054368542482	82.36128625472888
0.365662512298	0.759536524614	81.22673061147219	84.68223830336032	81.22673061147219	80.36412879927775	81.90416141235814
0.367772643383	0.75567711393	81.30245472329148	84.85706097298846	81.30245472329148	80.76537265523122	82.36654056326186
0.36690977617	0.75643619895	81.51069603079448	84.72952640252204	81.51069603079448	80.85063697462132	82.14585960487601
0.364675295468	0.756681606174	81.4349719189752	84.76391774736692	81.4349719189752	80.83057478182366	82.34026902059689
0.363419876649	0.764563545585	80.94907553480154	84.59840940030092	80.94907553480154	80.16350687130104	81.80958385876419
0.364191489724	0.752715329329	81.51700637344608	85.07415633732177	81.51700637344608	81.07633664359514	82.35077763766289
0.363374572534	0.752850239476	81.4349719189752	85.17446442645267	81.4349719189752	80.84060587822249	82.37179487179486
0.359887740933	0.755317484339	81.40973054836877	85.13362470444939	81.40973054836877	80.75032601063296	82.28772593526692
0.360565669835	0.756407191356	81.27721335268505	84.84846313677724	81.27721335268505	80.870699167419	82.16162253047499
0.358343784053	0.757415920496	81.17624787025936	84.64999641756825	81.17624787025936	80.94091684221085	82.21941992433796
0.359115407444	0.753869185845	81.42235123367199	84.95665257576843	81.42235123367199	80.94091684221085	82.24569146700294
0.357893081812	0.754203428825	81.49807534549126	85.0211363473526	81.49807534549126	80.79045039622831	82.3139974779319
0.357869921395	0.754196435213	81.46652363223323	85.24754603424805	81.46652363223323	80.7352793660347	82.22992854140395
0.356560916282	0.754114444057	81.61797185587177	85.21960306656158	81.61797185587177	80.8957769084161	82.44010088272383
0.355222597718	0.758467664321	81.46021328958163	85.07702228272551	81.46021328958163	80.43936202226904	81.85687263556116
0.356705288474	0.760606229305	81.23304095412381	84.59052805044064	81.23304095412381	80.66506169124285	81.82534678436318
0.354176279444	0.754482855399	81.46652363223323	85.35430250053736	81.46652363223323	80.69013943223995	82.42959226565783
0.353715269611	0.757743164897	81.50438568814286	85.21817009385971	81.50438568814286	80.48450195606381	81.99348465741907
0.355585332673	0.758784025908	81.49807534549126	85.25900981586301	81.49807534549126	80.48951750426322	82.22992854140395
0.352857598892	0.753156632185	81.56748911465893	85.45174464426452	81.56748911465893	80.94593239041026	82.45586380832283
0.352917525631	0.752399464448	81.58642014261375	85.52769219746364	81.58642014261375	80.92085464941317	82.56620428751576
0.349274035257	0.752105250955	81.66214425443302	85.60149029160995	81.66214425443302	81.0362122579998	82.53467843631778
0.351093661327	0.753191654881	81.46021328958163	85.54990327434263	81.46021328958163	81.02116561340155	82.40857503152586
0.350552870104	0.756036241849	81.56748911465893	85.51192949774307	81.56748911465893	80.82054368542482	82.15636822194199
0.347947885784	0.753924568494	81.66845459708462	85.44744572615892	81.66845459708462	81.0111345170027	82.4821353509878
0.349726681526	0.75105077525	81.7567993942071	85.73547323923479	81.7567993942071	80.96599458320794	82.59247583018075
0.348641558908	0.75499539574	81.76310973685871	85.54202192448234	81.76310973685871	80.870699167419	82.44535519125684
0.346695030538	0.751205687722	81.75048905155549	85.6394640682095	81.75048905155549	81.06630554719631	82.38230348886087
0.34857034454	0.751957545678	81.45390294693003	85.70824675789926	81.45390294693003	81.13652322198817	82.50315258511979
0.345452581461	0.757395828764	81.63059254117499	85.51479544314681	81.63059254117499	80.75534155883238	82.40857503152586
0.346095957435	0.754526679715	81.55486842935571	85.5004657161281	81.55486842935571	81.21677199317885	82.36128625472888
0.344778327415	0.755877246459	81.51069603079448	85.65952568603568	81.51069603079448	80.87571471561841	82.35077763766289
0.345738185713	0.767409831285	81.16993752760774	85.16156767213585	81.16993752760774	80.08325810011034	81.79907524169819
0.344635147315	0.753105759621	81.78204076481353	85.81070430608297	81.78204076481353	81.10141438459225	82.4873896595208
0.34214208619	0.753283699354	81.76942007951031	85.89381672279143	81.76942007951031	80.870699167419	82.42433795712483
0.341638622376	0.754348427057	81.51069603079448	85.87805402307086	81.51069603079448	81.15658541478584	82.56094997898276
0.343935435208	0.75706166029	81.40342020571717	85.49759977072436	81.40342020571717	80.84060587822249	82.11958806221101
0.339129796968	0.753114844362	81.78204076481353	85.99627427097514	81.78204076481353	80.90580800481493	82.41908364859184
0.339691740389	0.752919991811	81.76942007951031	86.12380884144157	81.76942007951031	80.96097903500853	82.40332072299286
0.340571409235	0.753063077728	81.97135104436171	86.05574263810274	81.97135104436171	80.96599458320794	82.55569567044977
0.336985606987	0.752196446061	81.78835110746515	86.07365479687613	81.78835110746515	80.8957769084161	82.3245060949979
0.336037626633	0.756266290943	81.60535117056857	85.64519595901699	81.60535117056857	81.07132109539573	82.34552332912989
0.338350783174	0.763126169642	81.3276960938979	85.64806190442073	81.3276960938979	80.49453305246263	81.86212694409416
0.336701875696	0.750672588746	81.81990282072317	86.24847746650426	81.81990282072317	81.04624335439864	82.73959646910467
0.334659297879	0.75434978803	81.76942007951031	86.07293831052519	81.76942007951031	80.9007924566155	82.59773013871374
0.33732401465	0.759419540564	81.6495235691298	85.81643619689045	81.6495235691298	80.72023272143646	82.02501050861707
0.335442946507	0.757298693061	81.52331671609768	85.98910940746579	81.52331671609768	80.91583910121376	82.41908364859184
0.333200310285	0.753254557649	81.81990282072317	86.09013398294762	81.81990282072317	81.1716320593841	82.57671290458177
0.333220970172	0.757357219855	81.61166151322017	86.16249910439207	81.61166151322017	80.91082355301434	82.38230348886087
0.333808544164	0.753332644701	81.76942007951031	86.394640682095	81.76942007951031	81.16160096298526	82.50840689365279
0.332213433889	0.760210340222	81.70000631034266	85.81285376513577	81.70000631034266	80.95094793860969	82.37179487179486
0.330500262288	0.757177005212	81.76310973685871	86.27928637959447	81.76310973685871	80.79045039622831	82.3139974779319
0.330805566448	0.75145090123	81.92086830314886	86.5171598481049	81.92086830314886	81.27695857157188	82.60823875577974
0.332376656624	0.754283125202	81.78835110746515	86.3781614960235	81.78835110746515	80.870699167419	82.45586380832283
0.332260038417	0.753883813818	81.83252350602638	86.2226839578706	81.83252350602638	81.16661651118467	82.54518705338377
0.328235821082	0.755152886113	81.71893733829747	86.37386257791789	81.71893733829747	81.02618116160096	82.62400168137873
0.327383217903	0.7551950713	81.83883384867798	86.51214444364835	81.83883384867798	81.07633664359514	82.50315258511979
0.328547443335	0.753738860289	81.66845459708462	86.35809987819732	81.66845459708462	81.09639883639281	82.4821353509878
0.329351451534	0.761357292533	81.44759260427841	86.17181342695422	81.44759260427841	80.71020162503761	82.43484657419083
0.327014039915	0.753398532669	81.95242001640689	86.45052661746794	81.95242001640689	81.1716320593841	82.62925598991173
0.326337583936	0.753576169411	81.83252350602638	86.60887010102456	81.83252350602638	81.09639883639281	82.46637242538883
0.325707822465	0.757300501068	81.73786836625229	86.5787776742853	81.73786836625229	81.05627445079747	82.61874737284573
0.323694411379	0.754787648718	81.98397172966492	86.6117360464283	81.98397172966492	81.19670980038119	82.63976460697772
0.322966702856	0.755860894918	81.70631665299426	86.52719065701798	81.70631665299426	80.9007924566155	82.40332072299286
0.322568490528	0.756089404225	81.79466145011675	86.68768359962743	81.79466145011675	80.84562142642191	82.29823455233291
0.322529914861	0.753954524795	82.01552344292296	86.85175897399155	82.01552344292296	81.10141438459225	82.57145859604876
0.320948385848	0.756333564719	81.62428219852337	86.38317690048004	81.62428219852337	81.36222289096197	82.50840689365279
0.325261483972	0.756120930115	81.7567993942071	86.69628143583866	81.7567993942071	81.29702076436955	82.6817990752417
0.320251671168	0.755209326744	81.90193727519404	86.60672064197176	81.90193727519404	81.28698966797072	82.61349306431273
0.320322445952	0.755213240782	81.81990282072317	86.81450168374293	81.81990282072317	81.08135219179456	82.4768810424548
0.320125064025	0.75756877164	81.70000631034266	86.71634305366483	81.70000631034266	81.00110342060387	82.4768810424548
0.319945851198	0.755995318294	81.81359247807156	86.65759117288816	81.81359247807156	81.26191192697362	82.5241698192518
0.317946567558	0.756779854496	81.76942007951031	86.69413197678584	81.76942007951031	81.1214765773899	82.38755779739387
0.316954624194	0.759730940064	81.50438568814286	86.3165436698431	81.50438568814286	81.16661651118467	82.45060949978983
0.318821264574	0.756980508566	81.77573042216191	86.63681306871104	81.77573042216191	81.29702076436955	82.4978982765868
0.314755411675	0.75632717212	81.81990282072317	86.83742924697285	81.81990282072317	81.38730063195906	82.66078184110971
0.319032077606	0.755754296978	81.6432132264782	87.07315325643047	81.6432132264782	81.14153877018758	82.45586380832283
0.315902293875	0.75430885454	81.92717864580047	87.17919323636885	81.92717864580047	81.02116561340155	82.54518705338377
0.312988286408	0.755765924851	81.78835110746515	87.10682811492441	81.78835110746515	81.06128999899688	82.57145859604876
0.314805993667	0.754678751032	81.76942007951031	86.98932435337106	81.76942007951031	81.41237837295617	82.63976460697772
0.313336115044	0.759011348089	81.62428219852337	86.72350791717417	81.62428219852337	81.23181863777711	82.4768810424548
0.311658258622	0.7541132768	81.8577648766328	87.27591889374507	81.8577648766328	81.23683418597652	82.63976460697772
0.311898093957	0.755205040177	81.80728213541995	87.05452461130615	81.80728213541995	81.13652322198817	82.6712904581757
0.312210929508	0.754528363546	81.8640752192844	87.3561653650498	81.8640752192844	81.34717624636373	82.55569567044977
0.309963442958	0.755771324039	81.82621316337477	87.20785269040626	81.82621316337477	81.16661651118467	82.60823875577974
0.310128637804	0.759442299604	81.66845459708462	87.12903919180339	81.66845459708462	80.92085464941317	82.44010088272383
0.309754360181	0.759590635697	81.80097179276835	87.2623056530773	81.80097179276835	80.93088574581202	82.36654056326186
0.309899734763	0.755338097612	81.94610967375529	87.37121157841943	81.94610967375529	81.36222289096197	82.6817990752417
0.308516073685	0.754795943697	81.99659241496813	87.44429318621481	81.99659241496813	81.21677199317885	82.69756200084069
0.306567350832	0.758836636941	81.8640752192844	87.1147094647847	81.8640752192844	81.15156986658641	82.52942412778478
0.306887999177	0.754175166289	82.04076481352938	87.56322992047002	82.04076481352938	81.27194302337244	82.69756200084069
0.306568352649	0.755801687638	82.08493721209061	87.57684316113779	82.08493721209061	81.18667870398234	82.59247583018075
0.305637404323	0.763854319851	81.61797185587177	86.90979436841728	81.61797185587177	80.870699167419	82.20365699873896
0.304615745751	0.75514036417	81.98397172966492	87.61983234219389	81.98397172966492	81.39231618015849	82.6765447667087
0.304189684872	0.757051666578	81.90824761784566	87.57684316113779	81.90824761784566	81.3371451499649	82.6712904581757
0.30461695647	0.756708398461	81.99028207231652	87.45504048147883	81.99028207231652	81.35720734276256	82.60298444724674
0.30453677017	0.759658003847	81.90193727519404	87.3375367199255	81.90193727519404	81.06128999899688	82.37704918032787
0.302296322699	0.758348415295	81.8640752192844	87.66712044135559	81.8640752192844	81.00611896880329	82.5136612021858
0.301541756552	0.755592082938	81.8640752192844	87.58759045640181	81.8640752192844	81.27194302337244	82.61874737284573
0.303312433454	0.759035428365	81.89562693254244	87.47796804470876	81.89562693254244	81.3120674089678	82.62925598991173
0.304325115795	0.762903427084	81.89562693254244	87.40202049150963	81.89562693254244	81.18166315578293	82.59773013871374
0.299847336056	0.763056109349	81.81990282072317	87.56466289317189	81.81990282072317	81.07633664359514	82.46111811685583
0.300926950115	0.769462595383	81.5422477440525	87.12903919180339	81.5422477440525	80.82555923362423	82.41382934005885
0.299753862218	0.756932790081	81.90193727519404	87.73160421293974	81.90193727519404	81.32209850536664	82.62400168137873
0.300475950998	0.772624696294	81.42866157632359	87.06527190657019	81.42866157632359	80.28889557628649	81.95145018915511
0.298376240123	0.760014062126	81.92717864580047	87.86487067421366	81.92717864580047	81.16661651118467	82.56620428751576
0.297396997993	0.759225105246	81.88300624723922	87.77960879845239	81.88300624723922	81.37225398736082	82.52942412778478
0.298336658913	0.761329690615	81.8577648766328	87.64204341907286	81.8577648766328	81.29200521617012	82.55044136191677
0.296212398089	0.760707259178	81.8640752192844	87.84767500179122	81.8640752192844	81.11144548099108	82.64501891551072
0.296376307996	0.772146021326	81.40973054836877	87.39987103245683	81.40973054836877	80.58982846825158	82.06179066834804
0.296924518851	0.760224873821	81.88931658989083	87.73375367199256	81.88931658989083	81.30705186076838	82.53993274485077
0.295787073672	0.763216421008	81.8640752192844	87.82116500680662	81.8640752192844	80.87571471561841	82.29823455233291
0.294923690076	0.761876836419	81.87669590458762	87.91789066418285	81.87669590458762	81.24686528237537	82.50840689365279
0.294901970487	0.767509077986	81.52331671609768	87.65279071433689	81.52331671609768	81.05627445079747	82.40332072299286
0.292843065583	0.761713559429	81.71893733829747	87.79680447087483	81.71893733829747	81.40234727655734	82.6923076923077
0.293260182899	0.765492940942	81.6369028838266	87.84839148814216	81.6369028838266	80.98605677600563	82.44535519125684
0.290425858245	0.761183713873	81.870385561936	88.0318119939815	81.870385561936	81.05627445079747	82.61349306431273
0.290498962196	0.764137327671	81.92717864580047	87.9372357956581	81.92717864580047	81.1214765773899	82.46111811685583
0.290220627991	0.759753406048	81.95242001640689	88.15934656444794	81.95242001640689	81.34717624636373	82.50840689365279
0.291062804369	0.766757672032	81.78835110746515	87.66067206419717	81.78835110746515	81.15156986658641	82.3350147120639
0.290877726502	0.763866901398	81.70000631034266	88.06763631152826	81.70000631034266	80.79045039622831	82.29298024379992
0.289593855062	0.771325642864	81.57379945731054	87.80468582073512	81.57379945731054	80.67007723944228	82.37179487179486
0.28889534909	0.765656242768	81.78835110746515	88.05330658450956	81.78835110746515	80.92085464941317	82.25094577553594
0.289660229133	0.764887799819	81.7567993942071	88.1564806190442	81.7567993942071	81.36723843916141	82.57671290458177
0.287861960725	0.765385662516	81.6558339117814	88.11564089704092	81.6558339117814	80.8155281372254	82.27196300966793
0.28761671197	0.761529634396	81.80097179276835	88.33560220677796	81.80097179276835	81.26692747517303	82.6712904581757
0.288807946329	0.766774962346	81.68107528238784	87.86128824245898	81.68107528238784	81.3371451499649	82.4978982765868
0.28830273736	0.763847132524	82.02814412822616	88.16937737336103	82.02814412822616	81.32209850536664	82.36654056326186
0.285726420868	0.762039333582	81.92717864580047	88.33201977502328	81.92717864580047	81.42742501755443	82.54518705338377
0.285733444473	0.766940633456	81.67476493973624	88.1113419789353	81.67476493973624	80.86066807102016	82.16162253047499
0.283719953436	0.764485870798	81.8577648766328	88.23672709034894	81.8577648766328	81.25188083057479	82.47162673392182
0.283322267521	0.763880183299	81.91455796049726	88.46170380454252	81.91455796049726	81.32209850536664	82.43484657419083
0.281927415671	0.767465382814	81.95873035905849	88.31625707530272	81.95873035905849	80.93590129401143	82.3297604035309
0.282944646879	0.770574311415	81.76310973685871	88.24532492656016	81.76310973685871	81.00110342060387	82.41908364859184
0.281236706158	0.767663811644	81.80097179276835	88.3406176112345	81.80097179276835	80.98605677600563	82.22467423287095
0.282611339998	0.766285901268	81.76310973685871	88.32270545246112	81.76310973685871	81.37726953556023	82.50840689365279
0.282551657695	0.764477739731	82.03445447087778	88.63151106971412	82.03445447087778	81.3120674089678	82.66078184110971
0.279158780781	0.766104434927	81.89562693254244	88.58135702514866	81.89562693254244	81.06128999899688	82.53467843631778
0.280826069988	0.763713722428	82.02183378557456	88.61288242458981	82.02183378557456	81.32711405356605	82.4873896595208
0.280655485506	0.767402430375	81.73786836625229	88.47531704521029	81.73786836625229	81.1214765773899	82.4873896595208
0.278978344626	0.769415587187	81.75048905155549	88.46170380454252	81.75048905155549	80.92085464941317	82.35077763766289
0.278537797527	0.763678724567	82.12910961065187	88.80418428028946	82.12910961065187	81.39733172835791	82.47162673392182
0.278579843445	0.778243074814	81.25197198207863	88.0848319839507	81.25197198207863	81.24184973417594	82.18263976460698
